An NVIDIA GPU may be present on this machine, but a CUDA-enabled jaxlib is not installed. Falling back to cpu.
vals: [[  0   1   2   3]
 [  4   5   6   7]
 [  8   9  10  11]
 [ 12  13  14  15]
 [ 16  17  18  19]
 [ 20  21  22  23]
 [ 24  25  26  27]
 [ 28  29  30  31]
 [ 32  33  34  35]
 [ 36  37  38  39]
 [ 40  41  42  43]
 [ 44  45  46  47]
 [ 48  49  50  51]
 [ 52  53  54  55]
 [ 56  57  58  59]
 [ 60  61  62  63]
 [ 64  65  66  67]
 [ 68  69  70  71]
 [ 72  73  74  75]
 [ 76  77  78  79]
 [ 80  81  82  83]
 [ 84  85  86  87]
 [ 88  89  90  91]
 [ 92  93  94  95]
 [ 96  97  98  99]
 [100 101 102 103]
 [104 105 106 107]
 [108 109 110 111]
 [112 113 114 115]
 [116 117 118 119]
 [120 121 122 123]
 [124 125 126 127]
 [128 129 130 131]
 [132 133 134 135]
 [136 137 138 139]
 [140 141 142 143]
 [144 145 146 147]
 [148 149 150 151]
 [152 153 154 155]
 [156 157 158 159]
 [160 161 162 163]
 [164 165 166 167]
 [168 169 170 171]
 [172 173 174 175]
 [176 177 178 179]
 [180 181 182 183]
 [184 185 186 187]
 [188 189 190 191]
 [192 193 194 195]
 [196 197 198 199]
 [200 201 202 203]
 [204 205 206 207]
 [208 209 210 211]
 [212 213 214 215]
 [216 217 218 219]
 [220 221 222 223]
 [224 225 226 227]
 [228 229 230 231]
 [232 233 234 235]
 [236 237 238 239]
 [240 241 242 243]
 [244 245 246 247]
 [248 249 250 251]
 [252 253 254 255]]
00000000 00000001 00000010 00000011
00000100 00000101 00000110 00000111
00001000 00001001 00001010 00001011
00001100 00001101 00001110 00001111
00010000 00010001 00010010 00010011
00010100 00010101 00010110 00010111
00011000 00011001 00011010 00011011
00011100 00011101 00011110 00011111
00100000 00100001 00100010 00100011
00100100 00100101 00100110 00100111
00101000 00101001 00101010 00101011
00101100 00101101 00101110 00101111
00110000 00110001 00110010 00110011
00110100 00110101 00110110 00110111
00111000 00111001 00111010 00111011
00111100 00111101 00111110 00111111
01000000 01000001 01000010 01000011
01000100 01000101 01000110 01000111
01001000 01001001 01001010 01001011
01001100 01001101 01001110 01001111
01010000 01010001 01010010 01010011
01010100 01010101 01010110 01010111
01011000 01011001 01011010 01011011
01011100 01011101 01011110 01011111
01100000 01100001 01100010 01100011
01100100 01100101 01100110 01100111
01101000 01101001 01101010 01101011
01101100 01101101 01101110 01101111
01110000 01110001 01110010 01110011
01110100 01110101 01110110 01110111
01111000 01111001 01111010 01111011
01111100 01111101 01111110 01111111
10000000 10000001 10000010 10000011
10000100 10000101 10000110 10000111
10001000 10001001 10001010 10001011
10001100 10001101 10001110 10001111
10010000 10010001 10010010 10010011
10010100 10010101 10010110 10010111
10011000 10011001 10011010 10011011
10011100 10011101 10011110 10011111
10100000 10100001 10100010 10100011
10100100 10100101 10100110 10100111
10101000 10101001 10101010 10101011
10101100 10101101 10101110 10101111
10110000 10110001 10110010 10110011
10110100 10110101 10110110 10110111
10111000 10111001 10111010 10111011
10111100 10111101 10111110 10111111
11000000 11000001 11000010 11000011
11000100 11000101 11000110 11000111
11001000 11001001 11001010 11001011
11001100 11001101 11001110 11001111
11010000 11010001 11010010 11010011
11010100 11010101 11010110 11010111
11011000 11011001 11011010 11011011
11011100 11011101 11011110 11011111
11100000 11100001 11100010 11100011
11100100 11100101 11100110 11100111
11101000 11101001 11101010 11101011
11101100 11101101 11101110 11101111
11110000 11110001 11110010 11110011
11110100 11110101 11110110 11110111
11111000 11111001 11111010 11111011
11111100 11111101 11111110 11111111
e4m3 limits
[0.015625 -448 448 0.125 0.5 nan 0.00195312]
[[0 0.00195312 0.00390625 0.00585938]
 [0.0078125 0.00976562 0.0117188 0.0136719]
 [0.015625 0.0175781 0.0195312 0.0214844]
 [0.0234375 0.0253906 0.0273438 0.0292969]
 [0.03125 0.0351562 0.0390625 0.0429688]
 [0.046875 0.0507812 0.0546875 0.0585938]
 [0.0625 0.0703125 0.078125 0.0859375]
 [0.09375 0.101562 0.109375 0.117188]
 [0.125 0.140625 0.15625 0.171875]
 [0.1875 0.203125 0.21875 0.234375]
 [0.25 0.28125 0.3125 0.34375]
 [0.375 0.40625 0.4375 0.46875]
 [0.5 0.5625 0.625 0.6875]
 [0.75 0.8125 0.875 0.9375]
 [1 1.125 1.25 1.375]
 [1.5 1.625 1.75 1.875]
 [2 2.25 2.5 2.75]
 [3 3.25 3.5 3.75]
 [4 4.5 5 5.5]
 [6 6.5 7 7.5]
 [8 9 10 11]
 [12 13 14 15]
 [16 18 20 22]
 [24 26 28 30]
 [32 36 40 44]
 [48 52 56 60]
 [64 72 80 88]
 [96 104 112 120]
 [128 144 160 176]
 [192 208 224 240]
 [256 288 320 352]
 [384 416 448 nan]
 [-0 -0.00195312 -0.00390625 -0.00585938]
 [-0.0078125 -0.00976562 -0.0117188 -0.0136719]
 [-0.015625 -0.0175781 -0.0195312 -0.0214844]
 [-0.0234375 -0.0253906 -0.0273438 -0.0292969]
 [-0.03125 -0.0351562 -0.0390625 -0.0429688]
 [-0.046875 -0.0507812 -0.0546875 -0.0585938]
 [-0.0625 -0.0703125 -0.078125 -0.0859375]
 [-0.09375 -0.101562 -0.109375 -0.117188]
 [-0.125 -0.140625 -0.15625 -0.171875]
 [-0.1875 -0.203125 -0.21875 -0.234375]
 [-0.25 -0.28125 -0.3125 -0.34375]
 [-0.375 -0.40625 -0.4375 -0.46875]
 [-0.5 -0.5625 -0.625 -0.6875]
 [-0.75 -0.8125 -0.875 -0.9375]
 [-1 -1.125 -1.25 -1.375]
 [-1.5 -1.625 -1.75 -1.875]
 [-2 -2.25 -2.5 -2.75]
 [-3 -3.25 -3.5 -3.75]
 [-4 -4.5 -5 -5.5]
 [-6 -6.5 -7 -7.5]
 [-8 -9 -10 -11]
 [-12 -13 -14 -15]
 [-16 -18 -20 -22]
 [-24 -26 -28 -30]
 [-32 -36 -40 -44]
 [-48 -52 -56 -60]
 [-64 -72 -80 -88]
 [-96 -104 -112 -120]
 [-128 -144 -160 -176]
 [-192 -208 -224 -240]
 [-256 -288 -320 -352]
 [-384 -416 -448 nan]]
e5m2 limits
[6.10352e-05 57344 -57344 0.25 0.5 inf 1.52588e-05]
[[0 1.52588e-05 3.05176e-05 4.57764e-05]
 [6.10352e-05 7.62939e-05 9.15527e-05 0.000106812]
 [0.00012207 0.000152588 0.000183105 0.000213623]
 [0.000244141 0.000305176 0.000366211 0.000427246]
 [0.000488281 0.000610352 0.000732422 0.000854492]
 [0.000976562 0.0012207 0.00146484 0.00170898]
 [0.00195312 0.00244141 0.00292969 0.00341797]
 [0.00390625 0.00488281 0.00585938 0.00683594]
 [0.0078125 0.00976562 0.0117188 0.0136719]
 [0.015625 0.0195312 0.0234375 0.0273438]
 [0.03125 0.0390625 0.046875 0.0546875]
 [0.0625 0.078125 0.09375 0.109375]
 [0.125 0.15625 0.1875 0.21875]
 [0.25 0.3125 0.375 0.4375]
 [0.5 0.625 0.75 0.875]
 [1 1.25 1.5 1.75]
 [2 2.5 3 3.5]
 [4 5 6 7]
 [8 10 12 14]
 [16 20 24 28]
 [32 40 48 56]
 [64 80 96 112]
 [128 160 192 224]
 [256 320 384 448]
 [512 640 768 896]
 [1024 1280 1536 1792]
 [2048 2560 3072 3584]
 [4096 5120 6144 7168]
 [8192 10240 12288 14336]
 [16384 20480 24576 28672]
 [32768 40960 49152 57344]
 [inf nan nan nan]
 [-0 -1.52588e-05 -3.05176e-05 -4.57764e-05]
 [-6.10352e-05 -7.62939e-05 -9.15527e-05 -0.000106812]
 [-0.00012207 -0.000152588 -0.000183105 -0.000213623]
 [-0.000244141 -0.000305176 -0.000366211 -0.000427246]
 [-0.000488281 -0.000610352 -0.000732422 -0.000854492]
 [-0.000976562 -0.0012207 -0.00146484 -0.00170898]
 [-0.00195312 -0.00244141 -0.00292969 -0.00341797]
 [-0.00390625 -0.00488281 -0.00585938 -0.00683594]
 [-0.0078125 -0.00976562 -0.0117188 -0.0136719]
 [-0.015625 -0.0195312 -0.0234375 -0.0273438]
 [-0.03125 -0.0390625 -0.046875 -0.0546875]
 [-0.0625 -0.078125 -0.09375 -0.109375]
 [-0.125 -0.15625 -0.1875 -0.21875]
 [-0.25 -0.3125 -0.375 -0.4375]
 [-0.5 -0.625 -0.75 -0.875]
 [-1 -1.25 -1.5 -1.75]
 [-2 -2.5 -3 -3.5]
 [-4 -5 -6 -7]
 [-8 -10 -12 -14]
 [-16 -20 -24 -28]
 [-32 -40 -48 -56]
 [-64 -80 -96 -112]
 [-128 -160 -192 -224]
 [-256 -320 -384 -448]
 [-512 -640 -768 -896]
 [-1024 -1280 -1536 -1792]
 [-2048 -2560 -3072 -3584]
 [-4096 -5120 -6144 -7168]
 [-8192 -10240 -12288 -14336]
 [-16384 -20480 -24576 -28672]
 [-32768 -40960 -49152 -57344]
 [-inf nan nan nan]]
all_fp8_vals_tensor: tensor([[  0,   1,   2,   3],
        [  4,   5,   6,   7],
        [  8,   9,  10,  11],
        [ 12,  13,  14,  15],
        [ 16,  17,  18,  19],
        [ 20,  21,  22,  23],
        [ 24,  25,  26,  27],
        [ 28,  29,  30,  31],
        [ 32,  33,  34,  35],
        [ 36,  37,  38,  39],
        [ 40,  41,  42,  43],
        [ 44,  45,  46,  47],
        [ 48,  49,  50,  51],
        [ 52,  53,  54,  55],
        [ 56,  57,  58,  59],
        [ 60,  61,  62,  63],
        [ 64,  65,  66,  67],
        [ 68,  69,  70,  71],
        [ 72,  73,  74,  75],
        [ 76,  77,  78,  79],
        [ 80,  81,  82,  83],
        [ 84,  85,  86,  87],
        [ 88,  89,  90,  91],
        [ 92,  93,  94,  95],
        [ 96,  97,  98,  99],
        [100, 101, 102, 103],
        [104, 105, 106, 107],
        [108, 109, 110, 111],
        [112, 113, 114, 115],
        [116, 117, 118, 119],
        [120, 121, 122, 123],
        [124, 125, 126, 127],
        [128, 129, 130, 131],
        [132, 133, 134, 135],
        [136, 137, 138, 139],
        [140, 141, 142, 143],
        [144, 145, 146, 147],
        [148, 149, 150, 151],
        [152, 153, 154, 155],
        [156, 157, 158, 159],
        [160, 161, 162, 163],
        [164, 165, 166, 167],
        [168, 169, 170, 171],
        [172, 173, 174, 175],
        [176, 177, 178, 179],
        [180, 181, 182, 183],
        [184, 185, 186, 187],
        [188, 189, 190, 191],
        [192, 193, 194, 195],
        [196, 197, 198, 199],
        [200, 201, 202, 203],
        [204, 205, 206, 207],
        [208, 209, 210, 211],
        [212, 213, 214, 215],
        [216, 217, 218, 219],
        [220, 221, 222, 223],
        [224, 225, 226, 227],
        [228, 229, 230, 231],
        [232, 233, 234, 235],
        [236, 237, 238, 239],
        [240, 241, 242, 243],
        [244, 245, 246, 247],
        [248, 249, 250, 251],
        [252, 253, 254, 255]], dtype=torch.uint8)
all_fp8_vals_tensor_view_as_float8_e4m3fn: 
tensor([[     0.00000000,      0.00195312,      0.00390625,      0.00585938],
        [     0.00781250,      0.00976562,      0.01171875,      0.01367188],
        [     0.01562500,      0.01757812,      0.01953125,      0.02148438],
        [     0.02343750,      0.02539062,      0.02734375,      0.02929688],
        [     0.03125000,      0.03515625,      0.03906250,      0.04296875],
        [     0.04687500,      0.05078125,      0.05468750,      0.05859375],
        [     0.06250000,      0.07031250,      0.07812500,      0.08593750],
        [     0.09375000,      0.10156250,      0.10937500,      0.11718750],
        [     0.12500000,      0.14062500,      0.15625000,      0.17187500],
        [     0.18750000,      0.20312500,      0.21875000,      0.23437500],
        [     0.25000000,      0.28125000,      0.31250000,      0.34375000],
        [     0.37500000,      0.40625000,      0.43750000,      0.46875000],
        [     0.50000000,      0.56250000,      0.62500000,      0.68750000],
        [     0.75000000,      0.81250000,      0.87500000,      0.93750000],
        [     1.00000000,      1.12500000,      1.25000000,      1.37500000],
        [     1.50000000,      1.62500000,      1.75000000,      1.87500000],
        [     2.00000000,      2.25000000,      2.50000000,      2.75000000],
        [     3.00000000,      3.25000000,      3.50000000,      3.75000000],
        [     4.00000000,      4.50000000,      5.00000000,      5.50000000],
        [     6.00000000,      6.50000000,      7.00000000,      7.50000000],
        [     8.00000000,      9.00000000,     10.00000000,     11.00000000],
        [    12.00000000,     13.00000000,     14.00000000,     15.00000000],
        [    16.00000000,     18.00000000,     20.00000000,     22.00000000],
        [    24.00000000,     26.00000000,     28.00000000,     30.00000000],
        [    32.00000000,     36.00000000,     40.00000000,     44.00000000],
        [    48.00000000,     52.00000000,     56.00000000,     60.00000000],
        [    64.00000000,     72.00000000,     80.00000000,     88.00000000],
        [    96.00000000,    104.00000000,    112.00000000,    120.00000000],
        [   128.00000000,    144.00000000,    160.00000000,    176.00000000],
        [   192.00000000,    208.00000000,    224.00000000,    240.00000000],
        [   256.00000000,    288.00000000,    320.00000000,    352.00000000],
        [   384.00000000,    416.00000000,    448.00000000,             nan],
        [    -0.00000000,     -0.00195312,     -0.00390625,     -0.00585938],
        [    -0.00781250,     -0.00976562,     -0.01171875,     -0.01367188],
        [    -0.01562500,     -0.01757812,     -0.01953125,     -0.02148438],
        [    -0.02343750,     -0.02539062,     -0.02734375,     -0.02929688],
        [    -0.03125000,     -0.03515625,     -0.03906250,     -0.04296875],
        [    -0.04687500,     -0.05078125,     -0.05468750,     -0.05859375],
        [    -0.06250000,     -0.07031250,     -0.07812500,     -0.08593750],
        [    -0.09375000,     -0.10156250,     -0.10937500,     -0.11718750],
        [    -0.12500000,     -0.14062500,     -0.15625000,     -0.17187500],
        [    -0.18750000,     -0.20312500,     -0.21875000,     -0.23437500],
        [    -0.25000000,     -0.28125000,     -0.31250000,     -0.34375000],
        [    -0.37500000,     -0.40625000,     -0.43750000,     -0.46875000],
        [    -0.50000000,     -0.56250000,     -0.62500000,     -0.68750000],
        [    -0.75000000,     -0.81250000,     -0.87500000,     -0.93750000],
        [    -1.00000000,     -1.12500000,     -1.25000000,     -1.37500000],
        [    -1.50000000,     -1.62500000,     -1.75000000,     -1.87500000],
        [    -2.00000000,     -2.25000000,     -2.50000000,     -2.75000000],
        [    -3.00000000,     -3.25000000,     -3.50000000,     -3.75000000],
        [    -4.00000000,     -4.50000000,     -5.00000000,     -5.50000000],
        [    -6.00000000,     -6.50000000,     -7.00000000,     -7.50000000],
        [    -8.00000000,     -9.00000000,    -10.00000000,    -11.00000000],
        [   -12.00000000,    -13.00000000,    -14.00000000,    -15.00000000],
        [   -16.00000000,    -18.00000000,    -20.00000000,    -22.00000000],
        [   -24.00000000,    -26.00000000,    -28.00000000,    -30.00000000],
        [   -32.00000000,    -36.00000000,    -40.00000000,    -44.00000000],
        [   -48.00000000,    -52.00000000,    -56.00000000,    -60.00000000],
        [   -64.00000000,    -72.00000000,    -80.00000000,    -88.00000000],
        [   -96.00000000,   -104.00000000,   -112.00000000,   -120.00000000],
        [  -128.00000000,   -144.00000000,   -160.00000000,   -176.00000000],
        [  -192.00000000,   -208.00000000,   -224.00000000,   -240.00000000],
        [  -256.00000000,   -288.00000000,   -320.00000000,   -352.00000000],
        [  -384.00000000,   -416.00000000,   -448.00000000,             nan]],
       dtype=torch.float8_e4m3fn)
all_fp8_vals_tensor_view_as_float8_e5m2: tensor([[     0.00000000,      0.00001526,      0.00003052,      0.00004578],
        [     0.00006104,      0.00007629,      0.00009155,      0.00010681],
        [     0.00012207,      0.00015259,      0.00018311,      0.00021362],
        [     0.00024414,      0.00030518,      0.00036621,      0.00042725],
        [     0.00048828,      0.00061035,      0.00073242,      0.00085449],
        [     0.00097656,      0.00122070,      0.00146484,      0.00170898],
        [     0.00195312,      0.00244141,      0.00292969,      0.00341797],
        [     0.00390625,      0.00488281,      0.00585938,      0.00683594],
        [     0.00781250,      0.00976562,      0.01171875,      0.01367188],
        [     0.01562500,      0.01953125,      0.02343750,      0.02734375],
        [     0.03125000,      0.03906250,      0.04687500,      0.05468750],
        [     0.06250000,      0.07812500,      0.09375000,      0.10937500],
        [     0.12500000,      0.15625000,      0.18750000,      0.21875000],
        [     0.25000000,      0.31250000,      0.37500000,      0.43750000],
        [     0.50000000,      0.62500000,      0.75000000,      0.87500000],
        [     1.00000000,      1.25000000,      1.50000000,      1.75000000],
        [     2.00000000,      2.50000000,      3.00000000,      3.50000000],
        [     4.00000000,      5.00000000,      6.00000000,      7.00000000],
        [     8.00000000,     10.00000000,     12.00000000,     14.00000000],
        [    16.00000000,     20.00000000,     24.00000000,     28.00000000],
        [    32.00000000,     40.00000000,     48.00000000,     56.00000000],
        [    64.00000000,     80.00000000,     96.00000000,    112.00000000],
        [   128.00000000,    160.00000000,    192.00000000,    224.00000000],
        [   256.00000000,    320.00000000,    384.00000000,    448.00000000],
        [   512.00000000,    640.00000000,    768.00000000,    896.00000000],
        [  1024.00000000,   1280.00000000,   1536.00000000,   1792.00000000],
        [  2048.00000000,   2560.00000000,   3072.00000000,   3584.00000000],
        [  4096.00000000,   5120.00000000,   6144.00000000,   7168.00000000],
        [  8192.00000000,  10240.00000000,  12288.00000000,  14336.00000000],
        [ 16384.00000000,  20480.00000000,  24576.00000000,  28672.00000000],
        [ 32768.00000000,  40960.00000000,  49152.00000000,  57344.00000000],
        [            inf,             nan,             nan,             nan],
        [    -0.00000000,     -0.00001526,     -0.00003052,     -0.00004578],
        [    -0.00006104,     -0.00007629,     -0.00009155,     -0.00010681],
        [    -0.00012207,     -0.00015259,     -0.00018311,     -0.00021362],
        [    -0.00024414,     -0.00030518,     -0.00036621,     -0.00042725],
        [    -0.00048828,     -0.00061035,     -0.00073242,     -0.00085449],
        [    -0.00097656,     -0.00122070,     -0.00146484,     -0.00170898],
        [    -0.00195312,     -0.00244141,     -0.00292969,     -0.00341797],
        [    -0.00390625,     -0.00488281,     -0.00585938,     -0.00683594],
        [    -0.00781250,     -0.00976562,     -0.01171875,     -0.01367188],
        [    -0.01562500,     -0.01953125,     -0.02343750,     -0.02734375],
        [    -0.03125000,     -0.03906250,     -0.04687500,     -0.05468750],
        [    -0.06250000,     -0.07812500,     -0.09375000,     -0.10937500],
        [    -0.12500000,     -0.15625000,     -0.18750000,     -0.21875000],
        [    -0.25000000,     -0.31250000,     -0.37500000,     -0.43750000],
        [    -0.50000000,     -0.62500000,     -0.75000000,     -0.87500000],
        [    -1.00000000,     -1.25000000,     -1.50000000,     -1.75000000],
        [    -2.00000000,     -2.50000000,     -3.00000000,     -3.50000000],
        [    -4.00000000,     -5.00000000,     -6.00000000,     -7.00000000],
        [    -8.00000000,    -10.00000000,    -12.00000000,    -14.00000000],
        [   -16.00000000,    -20.00000000,    -24.00000000,    -28.00000000],
        [   -32.00000000,    -40.00000000,    -48.00000000,    -56.00000000],
        [   -64.00000000,    -80.00000000,    -96.00000000,   -112.00000000],
        [  -128.00000000,   -160.00000000,   -192.00000000,   -224.00000000],
        [  -256.00000000,   -320.00000000,   -384.00000000,   -448.00000000],
        [  -512.00000000,   -640.00000000,   -768.00000000,   -896.00000000],
        [ -1024.00000000,  -1280.00000000,  -1536.00000000,  -1792.00000000],
        [ -2048.00000000,  -2560.00000000,  -3072.00000000,  -3584.00000000],
        [ -4096.00000000,  -5120.00000000,  -6144.00000000,  -7168.00000000],
        [ -8192.00000000, -10240.00000000, -12288.00000000, -14336.00000000],
        [-16384.00000000, -20480.00000000, -24576.00000000, -28672.00000000],
        [-32768.00000000, -40960.00000000, -49152.00000000, -57344.00000000],
        [           -inf,             nan,             nan,             nan]],
       dtype=torch.float8_e5m2)
